0.1677985147020262,-0.8021057128265306,-0.5731230558015238,-0.9321857075455274,-0.31824845206803165,0.17247523297302406,0.32073892499986734,-0.5053160396223364,0.801113152973857,1.0,-1.1902761665648628e-17,2.2203284139538926e-17,1.7164026913511596e-09,0.7910818104688784,-0.6117103482595789,1.1706302145752658e-08,0.6117103788193643,0.7910817723556414,1.0,0.0,0.0,1.774285764929821e-08,0.7749657187112539,-0.6320032958066539,-1.7891825034840887e-08,0.6320033042209369,0.7749657384337784,0.9835929311368766,0.001902627917035148,-0.18039223436114124,-0.1314030410223768,-0.6775696360012298,-0.7236246620474853,0.12360509341798699,-0.7354561178318072,0.6662027079992547,1.0,-1.7179944872478e-17,1.596717508316777e-17,8.223989050194439e-09,0.019133600364213285,-0.9998169467693202,-8.65017124661467e-09,0.999816899822989,0.019133614788869477,1.0,-0.0,0.0,-9.381246540230222e-09,0.5669353562961014,-0.8237623420595263,5.370167894399532e-10,0.8237623072115102,0.5669353553312964,0.9890327297038176,0.14033900400565816,0.04603600547235146,0.12686124814054195,-0.6475744297074043,-0.7513678078745757,0.07563447293567878,-0.7489674604451265,0.6582758381579656,1.0,-1.2811079385684204e-17,-3.921429284294486e-18,6.496160008289584e-09,0.020284390422928966,-0.9997942934160492,-6.537550570155316e-09,0.9997942511569613,0.02028444525234303,1.0,-0.0,0.0,-1.1270725674040975e-08,0.5748262995271992,-0.8182753990646782,6.370129074450578e-10,0.8182754520072577,0.574826371772939,0.9725930691950319,0.20397063968949072,0.11161869853584247,0.2295926610796742,-0.7666202946686753,-0.5996503833473156,0.036741918971122875,-0.6088425871399232,0.7924397201152036,1.0,-1.5993823088672414e-17,-1.1934448081659671e-17,2.191141952439419e-09,0.08135158724628065,-0.9966854822873373,4.801174275455936e-09,0.9966854583855165,0.08135158293816223,1.0,-0.0,0.0,-2.9794010951830306e-09,0.5509139066296299,-0.8345620913745522,2.2363328595495375e-09,0.8345620989346405,0.5509138888812656,0.8650139073736819,0.3235871412980785,0.3834609759886743,0.48691388532825614,-0.7258319917208836,-0.48588351074625585,-0.12110258467606624,-0.6070084462216967,0.7854138521154755,1.0,2.764759051601529e-17,1.8760936458115765e-17,8.051919061952602e-09,0.06926927429964318,-0.9975979773559133,-1.8323525301981523e-08,0.9975980135197214,0.06926930782302335,1.0,-0.0,0.0,-1.8923686305400764e-08,0.5502353111408461,-0.8350096405926698,7.563746521518694e-09,0.8350096778820609,0.5502353205653311
0.16790045472381923,-0.8021765520230941,-0.5729940367974349,-0.9318783060658438,-0.31875895223059353,0.17319237627387,0.32157785343964357,-0.5048816044476169,0.8010507241383232,1.0,2.9608649945170825e-17,6.187162873785933e-17,1.1498398432390534e-08,0.7908070416894074,-0.6120654802979848,1.5986243393057572e-08,0.6120654844796146,0.7908070533308951,1.0,0.0,0.0,-9.743920489011098e-09,0.7744492302264627,-0.6326361563275945,2.6646723985650776e-10,0.6326361353623666,0.7744491851529094,0.9834619099783405,0.0020111556828892405,-0.1811038566130359,-0.13151815740785452,-0.679555189180712,-0.7217393373078266,0.12452159396190987,-0.7336216012285813,0.6680521514262313,1.0,6.391354485897987e-18,-5.9452045743425335e-18,3.5901723083555897e-09,0.01919480824673922,-0.9998157760032733,9.712003683746972e-09,0.999815744413942,0.01919477660062425,1.0,-0.0,0.0,-5.483833131089321e-09,0.5660684289187816,-0.8243583302816723,-9.03399548944979e-09,0.8243582615558407,0.5660684014000422,0.9890290221277298,0.14031484250185433,0.04618876157282212,0.1274108522431072,-0.6520454361378585,-0.7473976304924299,0.07475380969941767,-0.7450828447424874,0.6627695051214407,1.0,-6.358297093847203e-19,5.82075438594229e-18,-4.885501008039196e-09,0.021694711221794387,-0.9997646454244637,-2.8329159975554573e-09,0.9997646447277111,0.021694718753840374,1.0,-0.0,0.0,4.219702103751539e-09,0.5735694511668619,-0.8191569637156475,7.438697345230807e-10,0.8191569153747045,0.5735693985483262,0.9726063982485793,0.20399305867129533,0.11146134898592099,0.22954063271042904,-0.767066768946211,-0.5990989775431657,0.036713742397182454,-0.6082724101773057,0.7928787624145325,1.0,-3.784764509522974e-18,5.91979648888129e-18,-3.1398004869842142e-09,0.08182198405194115,-0.9966469476881856,-1.777972267667493e-08,0.9966470105313574,0.08182198844845665,1.0,-0.0,0.0,-8.713685206829236e-09,0.5509470275813774,-0.8345402292293449,1.2663490867656869e-08,0.8345402438941126,0.5509469828684812,0.8650139367583235,0.3235871532119973,0.38346093086571204,0.4866846115486987,-0.7269754044756135,-0.4844015220263201,-0.122020551880256,-0.6056385730343689,0.786328713678455,1.0,-2.822502236776074e-17,2.7972813726965514e-18,4.502992896221387e-09,0.07019883718174359,-0.9975330228040687,3.251949880480702e-08,0.9975330065260315,0.07019882420039657,1.0,-0.0,0.0,-3.865842645118901e-09,0.5501370044834311,-0.835074433139716,-3.4655197246811043e-09,0.8350744511512634,0.5501369975851398
0.168091707486213,-0.802309419986581,-0.5727518869414464,-0.9314052712826062,-0.31955014103194446,0.17427545041029546,0.32284576679794513,-0.5041698734939158,0.8009890063768894,1.0,-6.055125161518772e-18,5.579003515883839e-18,-2.55499600741819e-09,0.790212456096665,-0.6128329504765847,1.310693792178975e-08,0.6128329342573262,0.7902124902424992,1.0,0.0,0.0,-2.813894727529739e-08,0.7750570543379233,-0.6318912257661773,-1.562615876701747e-08,0.6318913067587233,0.7750570321101083,0.9831589032659765,0.002260539531044924,-0.18273873981196043,-0.13186538323206612,-0.6835336178236061,-0.7179089515031862,0.12653094717405258,-0.729915518586627,0.6717241057697529,1.0,2.0004924695014716e-17,-1.9016480102853208e-17,1.598058422812517e-08,0.019231678691071338,-0.9998150542870942,5.2292536667675936e-09,0.9998150684807368,0.019231655283680496,1.0,-0.0,0.0,-2.144578335558642e-09,0.5642803822097644,-0.8255832384081137,-1.5246091299101084e-08,0.8255832003440404,0.5642803651803607,0.9890239512981566,0.14028228400269327,0.046394652760311746,0.1280394306335034,-0.6570025943771911,-0.74293569180931,0.07373930526658252,-0.740721535326037,0.6677530164262978,1.0,-2.9319767114519784e-18,-5.451215003598915e-18,-1.3548966389617887e-09,0.021815839497755903,-0.9997620217603047,4.608783617139525e-09,0.9997619868504418,0.021815841744336498,1.0,-0.0,0.0,1.8284763123018633e-09,0.5714167739608296,-0.8206600313293734,-1.2962707042806979e-09,0.8206599957734896,0.5714167856071494,0.9726454618682157,0.20405886495883288,0.11099919304703663,0.22940947525598654,-0.768727780205445,-0.5970166182931351,0.03649836471680482,-0.6061497594200805,0.7945126664613261,1.0,-9.166352513684624e-18,-2.018483012753795e-18,-1.1389105146140674e-09,0.08320863126180515,-0.9965321344898895,-2.5233638670811492e-09,0.9965321601285515,0.08320864907815559,1.0,-0.0,0.0,-4.073619735420459e-09,0.5508633132026661,-0.8345954350415052,3.942898729200163e-09,0.834595483929825,0.5508633353099658,0.864866704617921,0.3235284135389964,0.38384237986672626,0.486741930013097,-0.7275361574107866,-0.48350118315035284,-0.12283285105723128,-0.6049962403072493,0.7866966388060289,1.0,-7.127132650147549e-18,1.340005240814142e-17,1.0713762156896228e-09,0.07090029813399339,-0.9974834238005,-1.3369480819774616e-08,0.9974834216640259,0.07090030892440734,1.0,-0.0,0.0,-9.790130316020226e-10,0.5501871417826457,-0.8350413533041654,-2.4051603587045044e-09,0.8350413615193333,0.5501871367927157
0.16864322344097402,-0.8026921286167611,-0.5720531331563022,-0.9311917544912667,-0.32002855165110683,0.17453839725101802,0.32317392624019253,-0.503256453921399,0.8014309251237799,1.0,2.148382795041307e-17,3.954592038675999e-18,6.444015551257345e-09,0.7899631342524415,-0.6131544134013144,-1.7834459506669745e-08,0.61315439434194,0.7899631090100736,1.0,0.0,0.0,2.684971925392988e-09,0.7723215821071635,-0.63523176756717,2.148015604550137e-09,0.6352317401164765,0.7723215724828911,0.9824187729280134,0.0028603157593483555,-0.18666876723495204,-0.1330024030809604,-0.6909465051275058,-0.7105654432701849,0.13101057303485059,-0.7229002667705544,0.6784183347335608,1.0,4.437823924642203e-18,-4.577052405526214e-18,4.638865499690682e-09,0.01928930842007457,-0.9998139443337853,1.568392414794714e-08,0.9998139915993897,0.019289237948502996,1.0,-0.0,0.0,1.1027188253588812e-08,0.5609091435035817,-0.8278773637983702,-3.949465615250452e-09,0.8278773654802427,0.5609091034035394,0.9890286421450368,0.1403126283611196,0.04620282166100157,0.1284237194218918,-0.6621083810208259,-0.7383223037495994,0.07300466661897302,-0.7361555036427034,0.6728635843885666,1.0,1.74768385416017e-17,1.4048781099884628e-17,-7.758366269073472e-09,0.02188239026303641,-0.9997605547745594,-4.316113906270876e-09,0.9997605731247833,0.02188233370802795,1.0,-0.0,0.0,-2.929786039859831e-10,0.5691697610753218,-0.8222200273481531,2.582307602425375e-09,0.8222200246692163,0.5691697474113151,0.972674155340505,0.204107370770476,0.11065827812089528,0.22935752866206563,-0.7706917449783206,-0.5944992592944953,0.036058264496735534,-0.603634364201294,0.7964454658787523,1.0,1.557118876854581e-17,6.829857206890566e-18,-2.2510656922179527e-09,0.08455028686715345,-0.9964192095374068,1.4782000082853078e-08,0.9964191955418339,0.08455026422766387,1.0,-0.0,0.0,5.703690559023081e-09,0.550579126869129,-0.8347830080478702,-4.984494501467984e-09,0.834782988685618,0.5505791462423916,0.8638800522316952,0.3231347834588834,0.3863874289136802,0.4875955445389445,-0.7288935315079192,-0.48058805384724146,-0.1263405781340934,-0.6035712017045811,0.787235598655002,1.0,-4.094404979621256e-18,-2.6785350068379353e-17,8.398965992462401e-09,0.07176724845916613,-0.9974213958108438,-1.1551589108826652e-08,0.9974213775655816,0.07176724727929595,1.0,-0.0,0.0,-4.086022284175401e-09,0.5496891543040774,-0.8353692694451528,1.229427912435388e-08,0.8353692615945809,0.5496891541286913
0.16902089151625532,-0.8029538614430012,-0.571574185186807,-0.9310868801721961,-0.3202913158315092,0.17461602842529056,0.32327884987917355,-0.5026714457282078,0.8017556837686634,1.0,-3.11688598152701e-18,-3.3978637803114166e-18,1.4042390124923544e-08,0.7892683651134553,-0.6140483564463315,1.9346458574346923e-08,0.6140483387939794,0.7892683937520926,1.0,0.0,0.0,-7.29569310030296e-09,0.7699976263070479,-0.6380467784006603,-1.3984976891202855e-08,0.638046798929786,0.7699976266573575,0.9820265518830544,0.00317294156731515,-0.18871616840996874,-0.1337905030026747,-0.6935565497949285,-0.7078696418690344,0.13313136532023231,-0.7203952006638753,0.680666448991296,1.0,1.6940240376140097e-17,-1.638473373695901e-17,8.330396226335285e-09,0.01926052255897308,-0.9998145256383478,-9.631920511133197e-09,0.9998145020649316,0.01926057397617592,1.0,-0.0,0.0,-8.228828434899839e-09,0.5596873610589443,-0.8287037996348667,-1.0686798036652357e-08,0.8287037784397367,0.5596873870531408,0.9890315262296583,0.14033156080121362,0.0460830735011767,0.12841836053215336,-0.662824853171153,-0.7376801380240823,0.07297479500860503,-0.7355068362069667,0.6735758057983047,1.0,3.8668524746437016e-18,-4.798097638445129e-19,2.5365823966213687e-09,0.021856645010020676,-0.9997611242409605,8.19475900464654e-09,0.9997610911544376,0.02185661323900241,1.0,-0.0,0.0,1.016155681420734e-08,0.5688384471734448,-0.822449335164605,-5.376801473515068e-09,0.8224492918101435,0.5688384147866837,0.9726733780912561,0.20410615929627582,0.11066686984893814,0.22940094394582825,-0.7713492003684959,-0.5936292078971467,0.03580057303549439,-0.6027944443752167,0.7970929823996863,1.0,-1.742222064125971e-17,-2.9277194072486587e-18,-5.0248599550124435e-09,0.08498123191294427,-0.9963825025721189,1.2428088024070114e-08,0.996382557492697,0.08498122142165873,1.0,-0.0,0.0,3.642515104256514e-09,0.5504658652470077,-0.8348576541306386,-2.6035099597338493e-09,0.8348577059556973,0.5504658606973803,0.863664301380559,0.32304874528284994,0.3869411485340771,0.4878360825234957,-0.7289174808767296,-0.4803074893786839,-0.12688542915699988,-0.6035883008143621,0.787134860039492,1.0,-2.869767001913361e-17,-1.2943700303981841e-17,4.333140606669021e-10,0.07175078360705997,-0.9974225702373593,-6.197001164829312e-09,0.9974225906740924,0.07175080935809457,1.0,-0.0,0.0,-1.4562047883549276e-08,0.5496127132905793,-0.8354195691058478,-1.0694431007750508e-08,0.8354195842191791,0.5496127204093886
0.17002050870550714,-0.8036450480414654,-0.5703048651891546,-0.9309246571362464,-0.32080643817543336,0.17453512540165073,0.3232217580668064,-0.5012363079727608,0.8026766623384849,1.0,-4.741222965920139e-18,-1.4729489813730952e-17,1.3359687333220895e-08,0.7879511143652683,-0.6157378280048492,-6.0443542772394114e-09,0.6157377925814093,0.7879511043919305,1.0,0.0,0.0,-2.3553052750015024e-08,0.7643737616000806,-0.6447733998969429,-5.552519873260139e-09,0.6447734032835984,0.7643737903981992,0.9817995675476828,0.003352329192921263,-0.18989064733347374,-0.13437757972346606,-0.6942939284395715,-0.7070350748138771,0.13421015661317928,-0.719683722986726,0.6812069831109584,1.0,-7.833785633362049e-18,7.613900902845933e-18,5.9296188447129065e-09,0.01924613423133389,-0.9998147775314565,-1.1558160639129143e-09,0.9998147616332169,0.019246155363667763,1.0,-0.0,0.0,3.439956842579391e-09,0.5593381457795183,-0.8289396046468922,-1.325284105729302e-08,0.8289395699810008,0.5593381494205104,0.9890330218115,0.14034092228443917,0.04602379949812581,0.12839374667045614,-0.6629577630398045,-0.7375649370697328,0.07299871983097292,-0.7353851910623611,0.6737060226720694,1.0,-1.0152333587221713e-17,-5.6956467614886095e-18,8.746335531892889e-09,0.02165309598255622,-0.9997655407120583,2.1520080152109057e-09,0.9997655320623006,0.02165311265167463,1.0,-0.0,0.0,-5.69422074243473e-09,0.5686756209162043,-0.8225618800657178,-5.552879391462365e-09,0.822561888810379,0.5686756537784186,0.9726640474668968,0.20409030570898215,0.11077822877896863,0.22943100681875425,-0.7709258319690823,-0.5941673113648582,0.035861995813445,-0.6033411307106512,0.7966764819904518,1.0,1.9502425539351218e-17,-7.189822347220056e-18,3.1433776394996622e-09,0.08487169635637297,-0.9963918685376241,-2.015281620882841e-09,0.9963918846923806,0.0848716956775318,1.0,-0.0,0.0,8.294877749603603e-10,0.550623220844641,-0.8347539077543896,2.907971055947182e-09,0.8347539124499126,0.5506232225785848,0.8636076854963981,0.32302617713497606,0.3870863511206825,0.48801052342197004,-0.7283933180125052,-0.4809250728595296,-0.12659971981166337,-0.6042328034035831,0.7866862425138051,1.0,-2.2163851918231462e-17,-3.4964704893381516e-18,1.011236705110102e-10,0.07272662793683805,-0.9973518869399106,2.790328061565079e-09,0.9973519202671991,0.07272662309658275,1.0,-0.0,0.0,2.614876915236607e-08,0.5504178102246453,-0.8348893593320662,1.0559630881518866e-08,0.8348893584568012,0.5504177974109999
